1 4 0
2 4 0
3 1 0
4 1 0
5 1 0
6 1 0
7 1 0
8 1 0
9 1 0
10 1 0
11 1 0
12 1 0
13 1 0
14 1 1
15 1 0
16 1 0
17 1 0
18 1 0
19 1 1
20 1 0
21 2 0
22 1 0
23 2 0
24 2 0
25 2 0
26 2 0
27 2 0
28 2 0
29 2 0
30 2 0
31 2 0
32 2 0
33 2 0
34 2 0
35 2 0
36 2 0
37 2 0
38 2 0
39 2 0
40 2 0
41 2 0
42 2 0
43 2 0
44 2 0
45 2 2
46 2 2
47 2 0
48 2 0
49 2 0
50 2 2
51 2 2
52 2 2
53 2 0
54 2 0
55 2 0
56 2 0
57 2 0
58 2 0
59 2 2
60 2 2
61 2 2
62 2 2
63 2 2
64 2 2
65 2 2
66 2 2
67 2 2
68 2 2
69 2 2
70 2 2
71 2 2
72 2 2
73 2 2
74 2 0
75 2 2
76 2 0
77 2 0
78 2 0
79 2 0
80 2 0
81 2 0
82 2 2
83 2 2
84 2 2
85 2 2
86 2 2
87 2 2
88 2 2
89 2 2
90 2 2
91 2 2
92 2 0
93 2 0
94 2 0
95 2 0
96 2 0
97 2 0
98 2 0
99 2 0
100 2 2
101 2 0
102 2 2
103 2 2
104 2 0
105 2 0
106 2 0
107 2 0
108 2 0
109 2 2
110 2 2
111 3 0
112 2 0
113 2 2
114 2 2
115 3 0
116 3 0
117 3 0
118 2 2
119 2 0
120 2 0
121 2 0
122 3 0
123 3 0
124 3 3
125 3 0
126 3 0
127 3 0
128 3 3
129 3 3
130 3 0
131 3 3
132 3 3
133 3 0
134 3 3
135 3 3
136 3 0
137 3 0
138 3 3
139 3 3
140 3 0
141 3 0
142 3 3
143 3 0
144 3 0
145 3 0
146 3 0
147 3 0
148 3 0
149 3 0
150 2 0
151 2 0
152 2 0
153 2 0
154 2 0
155 4 0
156 4 4
157 4 4
158 4 0
159 4 0
160 4 4
161 4 4
162 4 4
163 4 4
164 2 0
165 4 4
166 4 4
167 4 4
168 4 4
169 4 0
170 4 0
171 4 4
172 4 4
173 4 4
174 4 4
175 4 0
176 4 0
177 4 4
178 4 4
179 4 4
180 4 4
181 4 4
182 4 4
183 4 4
184 4 4
185 4 4
186 4 4
187 4 4
188 4 4
189 4 4
190 4 4
191 4 4
192 4 0
193 4 0
194 4 4
195 4 0
196 4 0
197 4 0
198 4 0
199 4 0
200 4 0
201 4 0
202 4 0
203 4 0
204 4 0
205 4 0
206 4 0
207 4 4
208 4 4
209 4 4
210 4 4
211 4 4
212 4 4
213 4 4
214 4 4
215 4 4
216 4 4
217 4 4
218 4 4
219 4 4
220 4 4
221 4 4
222 4 4
223 4 4
224 4 4
225 4 4
226 4 4
227 4 4
228 4 4
229 4 4
230 4 4
231 4 4
232 4 4
233 4 4
234 4 4
235 4 4
236 4 4
237 4 4
238 4 4
239 4 4
240 4 4
