  0.16   1.25
  0.16   2.64
  2.57   0.60
  2.54   0.59
  2.40   0.67
  2.55   0.71
  4.29   0.65
  4.18   0.65
  3.35   0.62
  3.03   0.57
  4.83   0.76
  3.74   0.72
  2.97   0.60
  5.15   4.37
  4.74   0.59
  4.40   0.55
  3.18   0.56
  3.91   0.60
  4.97   0.66
  4.54   0.64
  1.94   0.78
  4.71   0.68
  4.18   0.68
  3.18   0.60
  4.78   0.64
  5.06   0.54
  4.25   0.56
  2.72   0.67
  4.42   0.50
  5.12   2.15
  4.78   0.50
  2.56   0.54
  4.09   0.61
  4.84   0.59
  5.04   0.75
  3.51   0.58
  4.43   0.65
  5.08   0.45
  4.81   0.64
  2.59   0.76
  1.52   0.89
  3.83   0.47
  4.23   0.60
  5.05   0.75
  5.45   0.57
  5.17   0.46
  3.75   0.66
  3.07   0.79
  4.32   0.62
  5.91   0.75
  5.89   0.60
  5.26   0.61
  4.07   0.72
  2.73   0.71
  2.37   0.67
  2.17   0.56
  3.04   0.70
  4.21   0.72
  5.84   0.50
  5.89   0.51
  6.53   0.54
  7.06   0.41
  5.85   0.61
  5.72   0.55
  5.75   0.59
  7.14   0.46
  7.30   0.47
  7.44   0.60
  7.86   8.00
  7.27   0.45
  7.70   0.60
  6.58   0.50
  7.04   0.46
  4.95   0.59
  6.01   0.40
  3.63   0.67
  4.28   0.71
  2.38   0.50
  2.83   0.52
  2.00   0.76
  4.93   0.60
  6.77   0.43
  7.33   0.56
  7.83   0.56
  7.42   0.49
  6.05   0.43
  6.37   0.70
  6.17   0.50
  7.12   0.53
  6.42   0.51
  5.96   0.55
  3.63   0.67
  2.02   0.75
  4.33   0.70
  2.15   0.81
  4.57   0.57
  2.32   0.67
  4.13   0.58
  4.79   0.67
  5.63   0.71
  5.14   0.54
  5.48   0.71
  5.59   0.64
  5.01   0.51
  3.89   0.47
  4.40   0.71
  2.16   0.59
  3.68   0.76
  5.24   0.56
  5.26   0.60
  3.12   0.60
  4.66   0.61
  5.54   1.68
  5.36   0.56
  4.28   0.61
  2.49   0.70
  4.98   0.61
  5.31   0.46
  5.10   0.54
  3.79   0.53
  4.01   0.62
  2.95   0.57
  4.31   0.67
  5.32   0.57
  4.63   0.61
  2.86   0.68
  3.67   0.65
  5.20   0.59
  5.48   0.56
  4.34   0.57
  5.52   0.60
  5.31   0.58
  3.31   0.56
  5.27   0.47
  5.63   0.52
  3.03   0.60
  3.99   0.60
  5.78   5.40
  5.33   0.51
  3.20   0.67
  3.24   0.67
  5.24   0.67
  4.91   0.63
  3.23   0.50
  2.81   0.74
  2.35   0.56
  4.89   0.51
  3.70   0.72
  2.11   0.50
  3.71   0.80
  3.15   0.68
  2.64   0.74
  2.93   0.78
  2.24   0.92
  2.65   0.81
  3.33   0.67
  4.15   0.50
  2.14   0.89
  1.70   0.81
  3.61   0.43
  4.57   0.52
  4.86   0.69
  3.83   0.64
  1.63   0.75
  4.10   0.55
  5.27   0.61
  4.98   0.61
  3.59   0.58
  1.81   0.74
  1.73   0.83
  3.98   0.69
  5.49   0.59
  5.14   0.61
  4.02   0.72
  1.72   0.85
  2.00   0.72
  4.08   0.67
  5.22   0.51
  5.62   0.67
  5.80   0.69
  5.96   0.46
  5.45   0.52
  4.17   0.60
  3.15   0.81
  5.21   0.60
  6.38   0.60
  6.44   0.43
  6.75   0.51
  6.21   0.59
  5.21   0.56
  4.57   0.61
  3.08   0.65
  1.31   0.92
  6.03   0.66
  2.08   0.65
  1.75   0.87
  1.55   0.72
  1.57   0.71
  2.35   0.72
  2.17   0.60
  2.15   0.71
  2.11   0.93
  1.85   0.63
  2.01   0.60
  1.18   0.92
  2.64   0.81
  4.37   0.50
  5.54   0.62
  5.49   0.60
  4.40   0.60
  3.31   0.74
  3.36   0.84
  4.93   0.75
  5.04   0.56
  6.64   0.52
  6.62   0.46
  7.55   0.50
  6.90   0.52
  7.11   0.45
  7.67   0.43
  7.21   0.60
  6.60   0.63
  5.09   0.50
  3.22   0.57
  3.57   0.63
  4.09   0.67
  4.85   0.65
  6.48   0.51
  7.57   0.63
  7.99   8.00
  7.27   0.43
  5.90   0.46
  6.05   0.60
  5.01   0.51
  4.69   0.49
  6.28   0.55
  7.64   0.41
  7.17   0.49
  3.75   0.63
  3.63   0.54
